766	765	782	781	766	773	766	765	758	750	758	758	750	750
695	672	672	695	617	649	695	758	773	1516	742	766	734	750
688	640	633	625	609	610	601	594	594	586	570	578	555	570
836	828	820	821	820	805	797	781	781	742	735	711	734	773
860	883	882	891	906	899	851	907	937	906	930	938	898	883
750	766	703	719	765	782	804	813	828	773	704	710	727	719
1118	1117	1117	1133	1156	1156	1196	1140	1141	1133	1078	2218	1109	1086
601	633	672	695	750	766	789	781	828	766	750	734	656	625
828	836	851	867	868	843	907	929	891	883	906	906	875	836
828	782	820	883	820	852	867	820	821	867	836	765	797	797
1133	1149	1203	1140	1204	1179	1156	1102	953	938	890	867	891	1070
899	843	938	914	891	929	945	899	945	899	929	969	922	890
742	789	797	789	860	898	867	899	789	992	859	891	883	867
985	984	985	992	984	1016	1054	1047	1094	1094	1070	1094	976	969
1156	1187	1219	1219	1219	1203	1195	1211	1219	1203	1117	984	1000	1453
789	796	797	805	813	789	812	797	812	766	797	812	790	789
695	695	703	735	719	703	734	742	719	734	758	774	789	765
594	601	610	593	594	594	609	586	594	602	632	618	609	594
1125	1118	1007	1118	1101	1094	1086	1156	1188	1039	1117	1156	1000	1047
765	758	781	805	836	797	773	781	797	813	820	797	773	758
719	703	711	695	703	672	688	672	679	680	687	688	703	711
1133	1102	1148	1039	1125	1117	1094	1117	1110	1117	1109	1102	1117	1070
1078	1125	1110	1117	1078	1062	1102	1101	1063	1055	1070	1055	1054	1008
1015	883	1078	852	843	914	1024	1109	1102	1055	1132	1125	1118	1093
843	938	914	891	929	945	899	945	899	929	969	922	890	969
953	976	914	946	961	921	954	953	890	938	953	945	891	914
859	883	898	922	992	1008	1039	1125	1125	1110	882	977	1031	992
718	711	719	680	687	688	687	703	719	695	696	687	703	719
930	968	977	883	906	984	1892	867	937	946	851	899	968	899
954	898	938	976	953	961	1024	929	977	937	930	977	953	953
828	828	789	781	852	844	851	860	820	844	781	836	805	805
672	688	656	687	688	711	679	688	695	735	1390	711	726	727
1016	1000	1000	1000	993	961	1039	1031	1016	1007	1024	1047	1015	1063
976	977	937	1016	1023	1000	1000	977	992	1063	1070	1062	1047	899
711	687	657	640	625	641	672	695	719	734	688	711	734	734
1078	1008	1031	984	891	1000	969	859	1016	906	937	813	851	1922
742	781	758	734	743	757	766	828	750	750	789	766	773	766
711	750	773	742	743	703	742	766	703	742	742	758	758	765
774	796	790	773	797	805	812	797	828	828	828	813	820	820
1094	1148	1157	1101	1008	1125	1109	969	1063	1125	1086	1054	1102	1086
907	922	945	961	914	883	883	906	953	961	922	922	945	953
735	734	703	742	727	734	719	726	711	696	687	696	703	687
969	1047	1000	875	929	1094	1008	898	883	891	836	875	1062	1000
766	742	781	797	812	790	750	757	766	797	805	750	765	766
859	813	805	804	797	836	852	875	875	929	922	1141	1070	1102
688	664	703	711	750	757	758	750	805	812	821	804	758	742
563	570	570	594	562	594	578	563	585	585	579	601	555	586
875	860	875	836	883	921	899	930	953	937	922	953	938	929
1094	1117	1117	1047	1078	1078	1125	1063	1094	1125	1132	1086	1047	1086
875	868	828	859	859	813	859	875	828	844	867	860	828	851
1008	1039	1078	1039	1008	1062	1094	1016	1062	1071	1000	1039	1047	976
906	899	883	953	976	992	977	1039	1055	992	1039	1094	1070	992
1125	1156	1078	1118	1164	1242	1125	1312	1352	1227	1281	1195	1156	1235
688	687	711	735	757	782	789	781	766	765	766	758	742	726
789	805	805	898	828	868	835	813	828	805	812	828	829	789
907	1117	922	1125	1054	1047	1086	953	1125	1039	1032	1070	953	1078
695	672	649	656	664	680	671	657	648	649	656	664	672	664
742	742	750	719	718	711	719	703	711	687	672	688	703	703
867	875	875	782	828	898	836	875	961	984	961	961	961	1000
609	594	609	586	610	633	625	601	578	571	617	664	640	625
993	1015	1071	1140	1117	1125	1250	1188	1281	1391	1234	1266	1281	1164
805	804	773	750	750	758	774	757	743	734	727	710	719	696
758	735	828	820	774	804	922	922	836	805	882	907	836	843
617	617	602	601	586	586	602	1186	586	586	602	617	641	625
531	523	532	531	547	554	571	609	656	688	711	742	703	719
890	875	930	867	782	921	1024	859	985	937	742	774	1078	1023
672	672	679	711	696	671	680	672	687	688	695	727	711	703
929	954	953	929	946	953	937	922	914	914	891	914	914	899
625	617	617	617	625	633	633	617	633	633	625	625	617	656
930	891	984	1094	1133	1125	1078	1047	1047	976	985	1101	1141	1133
703	703	680	711	773	766	781	703	711	695	711	781	704	796
789	735	726	750	758	734	735	718	719	742	774	812	774	758
852	828	843	813	836	875	766	867	797	804	867	821	797	812
922	961	891	914	859	789	782	789	875	836	914	890	828	805
726	711	727	758	812	867	868	851	828	782	757	735	711	687
1078	984	1070	1016	1008	1015	1040	1046	1032	1000	1007	1063	1070	1063
883	859	898	907	867	875	898	914	860	890	899	867	859	907
797	821	796	1626	812	797	820	797	812	821	789	820	797	820
688	734	797	836	797	726	743	742	734	703	688	687	656	633
906	922	961	961	968	961	938	914	930	921	891	906	907	867
930	922	906	930	914	914	961	945	953	946	953	937	930	930
828	812	836	883	852	836	836	859	859	860	867	851	836	852
688	703	695	711	703	696	664	656	695	680	719	836	812	852
852	890	899	890	883	867	868	867	843	813	805	804	805	797
805	765	742	766	789	844	859	821	773	805	820	828	828	789
851	829	875	851	836	852	836	828	851	844	820	860	836	836
774	742	695	766	797	851	852	828	805	789	805	851	875	899
1016	1031	1062	1055	1086	2156	1094	1086	1054	1079	1062	1047	984	1078
1078	1070	969	1031	1000	1031	1047	1047	1047	1047	1109	1102	1140	1110
1195	1211	1086	1024	1125	1125	1195	1234	1164	1227	1070	1188	1094	1140
750	804	727	711	734	766	734	766	789	789	695	688	1374	688
1063	1016	1007	993	968	1000	985	976	946	968	922	985	984	961
1031	1000	1117	1125	1117	1008	1071	1117	1062	992	1094	1149	1132	1032
937	969	883	851	868	875	882	883	992	922	930	930	882	868
703	727	711	734	742	766	773	758	774	758	726	734	719	735
718	711	672	680	719	726	735	750	718	703	672	680	680	695
796	797	782	765	781	829	835	829	882	821	820	875	859	797
727	773	797	852	797	758	796	813	820	805	812	782	750	781
657	672	679	680	687	688	680	695	687	719	688	687	696	734
789	758	789	805	773	797	773	774	812	742	789	790	820	765
735	757	750	727	719	750	757	727	734	766	766	718	735	758
867	938	1039	945	930	1031	1039	922	945	1055	1070	977	1008	1086
524	523	524	531	547	586	531	555	578	578	594	586	617	609
781	789	797	836	891	859	891	906	906	875	907	906	890	852
1040	992	1000	1039	1015	985	1000	953	1016	1046	1047	1032	1000	960
633	648	625	657	648	695	641	703	688	703	672	648	555	664
773	766	781	797	742	758	766	765	758	766	765	774	773	766
1110	1085	1086	1133	1102	1008	1054	1180	1109	1047	1156	1149	992	1094
1211	1210	1204	1195	1234	1211	1196	1195	1203	1172	1187	1196	1086	1046
1093	1047	1086	1086	1047	1109	1086	1024	1101	1133	1023	1000	954	906
688	687	649	695	719	711	703	742	734	719	734	711	688	703
859	860	836	835	852	813	820	820	789	813	797	781	797	781
883	891	851	844	852	851	844	820	852	844	843	829	835	852
703	688	687	688	687	680	695	719	696	718	727	719	734	711
774	812	813	805	773	781	789	797	797	781	766	836	758	804
812	782	937	985	929	867	985	976	860	914	898	852	804	1071
914	922	883	953	882	852	828	875	899	961	984	992	977	984
984	977	906	937	953	922	891	945	969	922	945	969	969	937
953	984	985	968	954	882	836	844	891	867	930	1007	1079	1023
672	664	696	711	695	672	664	664	656	656	664	649	633	632
719	766	789	1562	773	813	742	766	750	750	750	750	742	781
562	586	539	547	555	562	555	555	562	555	578	531	571	570
820	813	805	797	742	703	680	656	656	672	703	742	750	742
1015	1047	1078	1055	1086	1070	1024	1023	969	984	946	953	898	899
828	844	859	875	875	813	836	851	859	836	805	797	820	844
1008	953	977	1164	1242	1203	1125	1156	1149	1078	1102	1156	1101	1039
734	758	758	765	758	782	804	813	797	781	789	758	750	734
1046	1008	1047	1008	1039	1047	984	1039	977	969	1031	1023	1055	1086
914	953	1000	937	938	992	961	906	922	969	922	1007	1008	1031
734	704	679	633	617	602	609	696	742	656	687	790	796	774
2280	1118	1125	1132	1118	1156	1078	1164	1109	1063	1133	1179	1102	1156
703	734	758	758	750	711	703	719	742	742	750	703	688	703
1054	1032	1156	1250	1086	1078	1086	1117	1086	1188	1211	1226	1250	1211
633	625	633	632	625	618	632	625	625	625	633	633	641	625
852	898	883	891	914	851	836	828	813	797	828	820	820	829
868	882	868	804	828	836	805	789	813	765	805	836	859	821
1071	1086	1133	1070	1140	1079	1078	1140	1039	1157	1093	1063	1172	1109
703	687	664	680	656	688	625	726	664	688	695	688	672	718
750	734	750	750	758	766	734	773	805	773	750	797	782	726
1094	1031	938	1094	1078	1039	781	1516	812	891	750	742	758	766
617	664	703	766	703	758	843	883	813	765	719	719	726	719
984	1031	1016	1031	1063	1062	985	1023	984	1024	1023	985	1039	976
812	813	781	797	804	829	812	789	813	789	765	742	774	789
602	601	602	609	594	570	586	586	602	578	593	625	586	610
781	773	805	797	773	805	797	805	789	781	789	766	789	796
1172	1180	1187	1180	1109	1141	1211	1180	1180	1179	1125	1110	1148	1164
867	851	899	890	969	883	969	937	922	867	930	930	843	930
1148	1203	1172	1164	1141	1117	1156	1149	1156	1156	1141	1102	1117	1164
516	570	578	594	570	594	1220	585	633	633	656	797	726	781
649	640	649	656	672	648	680	703	695	657	648	633	586	586
711	735	812	758	813	953	890	844	758	812	813	711	1422	718
836	797	836	820	805	828	852	797	820	805	531	992	797	789
1015	985	1015	1000	977	1000	1008	984	961	1024	1054	1032	1062	1055
578	586	578	601	547	563	554	578	524	562	547	563	554	555
914	906	867	946	984	930	953	906	898	938	851	891	930	929
1149	1179	1063	1070	1102	1101	1016	1141	1148	1078	1117	1180	1266	1101
1047	1023	906	1047	1016	937	992	1024	937	1016	1078	977	961	1031
859	899	875	867	898	930	852	883	875	882	860	836	851	813
1015	1016	1047	1008	1007	993	984	1008	1031	1047	1016	1031	1031	1023
805	734	688	710	727	789	774	789	789	695	711	859	946	765
804	985	922	836	1187	1055	1054	930	1860	922	875	945	945	860
1070	1062	1118	1109	1078	1063	1085	1102	1000	1094	1008	1031	1101	1024
766	875	922	906	929	954	968	891	875	773	969	985	843	875
828	852	883	890	867	836	860	890	875	860	812	828	836	852
844	796	868	867	851	829	820	844	836	804	844	852	851	859
961	1047	1054	993	1078	2156	1000	1078	1062	977	1039	1094	1094	1085
828	860	882	844	883	906	860	906	898	860	875	1796	828	805
781	789	766	797	828	797	836	875	773	813	828	836	812	813
789	750	773	782	773	781	766	789	758	750	773	758	773	782
843	782	804	797	742	735	758	773	859	899	820	821	843	836
594	578	586	570	547	563	547	570	570	563	570	563	570	570
969	961	1047	1023	906	1047	1016	937	992	1024	937	1016	1078	977
672	664	664	656	656	633	649	703	640	711	664	688	687	688
790	789	796	821	820	844	867	859	868	875	843	860	828	836
727	703	1094	929	914	789	922	883	797	898	805	859	1798	805
890	844	867	899	953	891	921	899	805	875	914	836	890	914
742	742	727	750	718	680	625	563	570	563	546	555	539	547
640	649	640	649	664	640	649	633	640	633	656	664	649	633
680	711	765	727	703	703	711	735	703	703	703	703	688	671
828	836	812	813	836	851	828	852	867	875	852	851	875	906
954	937	891	929	977	914	781	797	992	828	766	828	953	961
664	657	687	680	687	672	664	680	633	632	641	641	640	641
797	766	734	797	750	820	797	774	796	782	851	766	867	781
1289	1180	1101	1141	1109	2126	1078	1062	1016	1101	1071	1047	1132	1258
1000	953	992	1070	992	1024	930	1015	1039	1157	1140	1063	961	1023
578	578	586	586	586	586	570	571	554	571	562	586	539	563
727	742	734	766	703	703	680	711	765	852	734	711	703	703
657	648	617	649	656	711	727	742	742	750	766	765	774	1530
1086	1031	914	930	875	906	930	992	945	938	1000	914	930	875
914	1258	1164	1172	1149	875	960	1243	1211	1211	1164	1195	1195	1141
688	672	656	641	671	743	765	727	711	719	726	742	742	750
641	640	649	656	672	664	664	664	649	648	648	649	648	649
750	797	883	914	844	804	860	867	867	867	813	781	805	804
820	812	797	782	765	766	765	766	781	797	828	813	812	813
1219	1179	1133	1078	1086	1109	1204	1242	1226	1235	1226	1203	1188	1211
1180	1172	1125	1211	1273	1274	1187	1203	1383	1578	1328	1219	1195	1203
929	922	922	899	890	930	851	938	922	890	883	914	922	922
969	1047	1070	1070	1078	1078	1071	984	1078	969	945	961	852	875
656	649	656	640	657	648	649	648	664	656	657	648	648	649
828	813	804	805	828	781	782	812	828	828	821	804	813	812
922	914	1140	1157	1211	1187	1234	1164	1047	1063	1015	930	914	992
906	844	812	789	758	750	750	844	843	907	976	961	883	1984
992	992	1016	968	954	1000	968	891	969	1000	906	953	1039	906
1118	1078	1164	1101	1094	1125	1094	1125	914	945	914	922	938	961
1164	1172	1172	1164	1149	1133	1203	1195	1164	1133	1125	1164	1164	1172
891	1172	1297	1125	1062	1149	1054	1054	1094	1117	1055	1109	1133	1110
734	727	719	718	703	680	695	711	719	695	727	711	711	703
648	641	641	632	625	633	649	648	633	633	632	633	641	641
914	929	907	875	836	820	812	860	937	1032	1000	1062	1125	1047
836	891	898	829	929	883	938	882	953	907	922	914	851	906
1008	937	954	906	953	906	899	937	945	891	1008	914	992	977
695	711	680	672	711	672	726	727	726	742	727	719	664	641
1149	1164	1148	1102	1093	1141	1180	1109	1102	1140	1133	1109	1125	1180
1094	1071	1054	1047	1031	1063	1008	1101	1047	1055	1101	1047	1039	1086
656	649	641	671	602	625	617	610	593	625	586	586	625	610
969	1141	1015	1110	984	1086	1070	1086	1078	1008	1063	914	1117	1008
757	735	750	758	757	758	742	758	766	765	766	758	758	757
836	812	829	828	812	813	789	812	813	828	805	789	812	797
844	859	867	813	828	844	805	757	719	719	734	680	687	704
782	757	758	735	726	703	688	687	688	656	656	641	656	672
915	898	906	961	906	914	961	946	1015	1000	946	922	929	875
851	852	883	898	875	860	859	891	890	906	860	844	859	867
766	781	805	812	805	812	782	734	687	672	649	648	641	617
766	773	782	750	781	812	821	804	829	812	859	813	820	852
578	578	578	610	601	594	586	578	578	570	579	562	570	571
593	594	586	586	594	640	532	601	609	641	633	648	649	664
1078	1313	1633	1195	1164	1156	1141	1140	1196	1086	1375	1343	1133	1188
891	875	891	898	899	867	890	899	883	898	859	844	820	797
789	781	782	773	774	750	765	742	750	766	773	805	891	1070
1063	1093	1008	953	1086	1078	954	1007	1125	1016	930	961	984	922
813	890	907	976	977	984	938	992	969	929	953	954	953	984
719	703	719	711	718	711	719	711	695	711	719	734	719	719
703	695	649	632	672	633	734	735	695	680	640	688	711	750
812	820	789	735	742	711	672	664	680	687	727	750	789	765
695	743	757	766	797	758	758	750	773	758	719	750	765	735
641	633	633	640	633	625	617	617	594	602	594	585	586	579
594	602	648	1234	617	625	610	609	617	602	602	578	578	570
1250	1305	1390	1407	1281	1226	1305	1313	1234	1156	1180	1195	1149	1187
680	672	656	633	656	703	696	726	766	765	750	813	844	789
758	687	766	750	703	719	703	758	687	711	688	718	743	781
961	937	906	907	922	1780	899	898	938	953	867	969	914	953
906	938	875	836	890	915	945	945	883	859	883	820	797	758
797	804	797	789	797	782	781	789	789	805	742	781	781	766
735	750	742	719	726	750	719	750	758	758	734	797	766	742
977	953	945	938	929	930	891	890	922	906	907	859	836	836
1016	1047	1008	1023	1023	1071	1000	1062	1032	1062	1047	1062	1000	1055
868	843	805	867	860	812	820	868	859	828	836	859	868	812
1219	1304	1242	1227	1219	1195	1141	1156	1164	1133	1226	1180	1211	1187
563	562	563	586	594	586	601	594	586	578	562	563	531	531
742	743	757	711	719	734	735	750	726	743	765	789	782	773
789	781	782	773	734	821	812	805	828	836	805	828	820	797
804	829	796	758	789	789	789	750	743	750	765	781	797	797
984	1055	1000	1102	984	1102	1046	1094	1000	1070	993	1015	1102	1094
1180	1125	1094	1148	1156	1125	1063	1031	1094	1086	1117	1117	1125	1086
1102	992	992	1047	992	867	1055	1070	977	875	1054	1024	859	1008
891	921	930	930	922	906	930	929	907	921	922	907	875	890
789	774	797	804	805	773	743	765	766	812	789	766	789	805
547	554	578	555	578	570	594	578	555	585	579	578	586	586
680	726	719	703	703	727	711	711	734	750	742	735	718	735
961	953	914	922	930	953	945	961	969	977	953	930	906	883
1000	836	929	985	976	1024	1000	1047	906	984	938	992	1016	1023
1031	1047	1055	1023	992	1024	1015	985	1015	1032	1054	1047	1008	992
562	563	586	546	579	578	570	570	586	578	571	554	579	562
922	938	929	953	961	985	968	954	890	938	945	937	868	906
687	688	672	687	695	696	656	680	664	656	641	468	821	640
570	601	672	672	703	899	1219	1195	1180	1343	1391	1437	1391	1461
1000	985	984	992	993	984	969	992	1008	1000	992	984	1000	992
758	758	797	867	891	828	859	899	937	883	883	875	906	859
828	797	812	805	805	781	828	766	804	844	797	805	797	828
1062	1000	1039	906	922	883	859	836	782	828	797	836	1164	1047
633	632	641	641	648	633	633	617	617	609	618	609	617	625
914	938	945	953	938	929	946	945	945	914	930	953	938	914
727	750	781	813	921	860	851	813	851	829	781	781	766	726
813	812	727	734	735	742	804	813	750	672	687	680	711	711
649	640	703	672	672	695	735	719	726	727	726	711	711	664
742	711	703	703	727	742	742	719	742	758	773	805	804	1610
875	1796	875	844	867	883	914	891	929	946	922	914	953	937
984	985	914	953	953	891	929	946	867	906	930	851	860	890
1047	1039	1070	1063	1047	1109	1102	1078	1140	992	930	899	898	945
774	797	789	758	781	781	734	711	711	703	711	750	774	797
1078	1109	1078	1102	1117	1078	1078	1094	1055	1047	1062	1063	1039	1093
852	875	859	836	860	875	875	836	835	836	852	859	836	813
977	984	977	961	953	961	906	906	915	906	929	907	914	875
797	797	796	797	828	782	820	883	820	852	867	820	821	867
1008	992	1008	1023	1008	977	953	961	976	1008	1008	1023	1039	1047
695	703	695	680	649	671	657	640	625	711	766	719	765	789
687	703	711	727	719	718	735	703	719	726	774	781	797	773
1156	1266	1141	1179	1203	1164	1258	1203	1164	1227	1187	1102	1008	1008
1024	1015	1071	1039	1015	993	1039	1015	1000	1032	992	1015	1016	1047
961	977	969	937	985	1000	992	929	938	953	945	914	946	976
859	891	844	906	852	835	860	875	828	867	860	851	805	859
906	860	843	805	852	875	875	781	867	883	875	867	898	899
664	695	719	750	765	719	766	750	765	750	735	750	734	750
711	688	711	695	687	680	703	703	703	711	719	719	711	703
1094	1101	1055	1031	1000	930	875	836	804	805	813	820	820	828
813	836	836	797	812	820	844	820	790	804	797	813	781	773
945	914	993	945	906	930	953	906	938	1031	922	844	906	789
766	804	836	789	852	781	820	774	797	781	828	781	844	867
953	1000	1008	984	1070	1016	992	1032	1007	993	1023	984	1016	1008
844	859	828	860	844	789	804	750	758	727	718	735	680	710
930	929	891	883	898	867	860	890	883	867	907	875	1718	898
664	664	648	656	672	688	687	680	641	656	648	680	695	672
773	774	750	765	758	789	750	766	797	758	804	813	812	789
820	765	836	774	890	868	890	953	930	875	906	875	868	914
890	899	882	875	821	812	813	851	875	868	898	914	930	890
875	859	875	914	828	930	914	859	789	852	812	774	773	805
656	656	656	664	688	711	664	680	656	680	695	711	680	671
671	664	649	680	750	750	718	735	765	727	750	781	742	735
1086	1140	1055	1023	1102	1063	1070	1055	1085	1094	1039	1055	1125	1078
859	891	890	883	867	860	890	891	891	898	867	852	859	867
664	664	664	680	703	718	719	680	695	688	695	680	679	649
1125	1078	1101	1110	1164	1132	1118	1109	1117	1117	1102	1078	1109	1133
726	711	696	679	664	649	617	648	680	727	734	742	727	726
1078	1031	1078	1102	1101	1086	1047	1071	1101	1117	1078	1063	1109	1149
961	985	929	938	969	945	961	969	960	946	953	922	929	954
601	594	594	578	578	578	586	586	594	586	578	586	586	578
906	922	953	969	891	882	852	867	1000	1039	1008	992	1032	968
953	1000	953	899	844	890	922	969	992	945	985	1054	922	1024
1070	1156	1078	1110	1039	1070	1070	1164	1055	1125	1086	1094	1101	1110
789	750	758	750	766	734	750	766	765	766	765	782	750	750
687	664	696	679	719	727	757	711	774	758	711	734	695	703
727	719	718	735	750	765	774	750	726	735	687	688	672	664
899	898	828	891	883	812	961	1055	929	899	859	946	890	828
828	836	836	812	813	812	813	828	844	851	844	820	821	812
711	734	719	719	687	688	703	672	656	656	649	640	641	648
781	813	906	914	852	812	906	907	960	852	797	844	890	907
898	547	1187	1008	1031	1032	961	906	992	938	945	898	907	859
906	945	938	914	945	922	875	891	914	914	906	883	945	906
727	734	766	773	766	820	820	805	797	805	812	789	813	773
937	953	938	929	891	906	907	906	898	891	898	907	898	867
946	953	1054	1016	922	930	882	844	813	890	1172	1000	914	1133
687	688	671	688	664	687	665	671	664	633	641	680	687	688
789	719	765	774	742	742	758	813	726	711	727	703	672	726
649	656	649	640	641	633	617	758	500	593	610	656	617	649
836	734	742	735	679	696	671	649	680	757	836	852	789	820
656	672	656	657	640	649	632	649	625	656	656	664	664	672
984	930	976	1008	1016	945	938	929	961	899	922	953	992	969
773	782	797	820	766	796	789	805	813	797	796	750	735	742
985	960	899	812	782	937	985	929	867	985	976	860	914	898
843	813	836	851	829	750	734	695	672	664	680	680	664	679
796	813	820	821	804	805	805	804	797	797	797	820	821	796
680	656	680	695	719	695	703	711	727	703	664	703	656	649
649	672	656	672	648	672	688	695	711	726	727	711	695	695
820	820	774	719	703	758	750	765	875	781	743	687	844	898
820	906	914	875	829	843	875	868	867	843	813	789	836	867
1047	1109	1016	1015	1110	1093	969	1086	1148	1063	1101	1149	1047	1125
938	875	891	867	906	875	867	914	875	860	867	875	851	938
1055	1000	1000	1023	1063	1062	1016	1031	1016	1031	1023	993	1023	1031
656	656	664	672	672	656	656	625	633	633	632	618	632	625
836	797	813	851	930	922	906	875	914	945	930	906	875	899
625	617	617	594	609	610	594	593	571	562	555	547	554	563
852	844	828	859	883	922	945	891	961	992	992	922	977	984
797	757	743	734	727	750	757	782	742	734	727	742	758	781
844	836	859	859	883	836	859	875	891	813	859	867	891	851
742	680	718	688	695	703	696	679	688	679	680	688	664	664
602	593	579	554	586	578	578	579	585	618	554	633	578	672
625	625	633	640	641	656	641	648	672	664	680	664	656	625
765	766	765	774	758	750	734	719	711	711	718	735	734	719
804	805	984	977	976	891	797	773	1141	1047	906	859	829	898
1117	1117	1156	1180	1141	1078	1023	1008	1023	1071	1125	1125	1101	1110
1032	1085	1141	1133	1094	1000	1023	1094	1101	1071	1109	1149	1117	1086
852	867	843	891	891	937	914	899	961	875	906	844	843	836
805	828	805	750	734	758	805	820	836	781	750	750	774	820
570	562	555	563	562	555	578	570	562	555	930	562	570	571
750	750	688	734	797	766	796	766	805	734	781	727	727	726
703	711	695	703	727	718	704	711	726	703	688	703	719	703
859	953	969	883	875	851	805	789	797	766	781	836	812	930
1054	1094	1039	977	953	984	993	1109	1172	1133	1078	1086	1093	1102
625	648	571	687	617	664	664	664	665	648	648	618	671	633
961	969	883	937	961	946	922	1023	992	930	961	984	946	937
774	812	805	891	875	843	836	789	789	789	750	774	773	727
790	835	852	797	773	797	821	828	804	766	758	758	765	781
1203	1195	1141	1078	1117	1102	1101	1157	1164	1125	1070	1109	1133	1133
969	937	868	820	836	844	797	773	859	899	984	985	929	891
1024	1007	930	977	976	977	914	961	976	954	906	953	976	922
1102	1101	1063	1031	1078	1086	1086	1078	1133	1156	1102	1070	1063	976
891	891	906	930	945	906	891	797	750	781	812	844	922	1016
687	711	703	688	719	757	735	789	812	782	789	836	820	781
696	703	726	727	719	718	696	703	664	656	680	687	719	797
1008	1007	1079	1140	1070	1071	1187	1063	1211	1383	1289	1117	1234	1250
852	875	859	813	742	695	672	672	719	843	829	906	1039	1078
953	914	891	921	875	868	828	851	875	891	891	875	875	843
1093	1078	1039	1063	1016	1015	1031	1008	1024	968	1055	1047	1000	1070
922	961	1031	1070	1117	1125	1110	1047	1047	1031	1062	1102	1094	1086
890	922	883	891	906	828	844	797	828	758	789	812	828	813
742	766	781	742	774	773	789	719	758	758	703	687	688	687
859	899	930	890	922	898	907	836	836	820	836	797	812	805
1094	1164	1211	1257	1258	1157	1023	937	954	1000	1148	1102	1140	1156
1016	1023	1032	984	1031	1024	953	1015	1016	1016	945	1008	937	1024
961	961	961	930	836	805	687	859	743	750	742	726	711	696
547	539	547	547	547	539	547	539	531	578	477	539	570	508
813	828	805	734	836	844	726	766	804	961	930	820	899	914
813	828	859	797	742	727	781	1000	813	742	719	742	812	813
727	703	703	656	672	695	680	695	719	727	695	727	734	703
1117	1086	992	1000	1008	977	906	1008	1086	1093	1063	1062	1055	1008
688	672	648	657	648	664	648	657	648	641	633	640	649	687
696	703	679	672	649	640	649	633	617	633	625	617	593	610
899	937	813	929	922	836	891	820	719	773	883	828	883	914
820	750	735	781	852	828	820	750	703	734	766	703	649	672
946	937	946	929	930	859	828	852	789	844	898	914	922	883
539	539	532	547	546	555	570	579	578	593	555	1125	563	554
601	610	609	625	641	625	633	625	632	625	618	617	609	610
594	602	570	609	602	594	601	594	609	586	633	625	602	617
750	773	758	742	742	781	758	774	773	727	734	750	742	758
852	851	836	820	821	797	789	781	789	812	868	906	906	891
656	687	711	711	711	742	758	750	766	773	758	742	742	727
718	703	704	703	703	703	703	703	711	727	711	711	710	719
695	719	890	813	773	672	688	718	805	805	773	781	735	695
1055	1000	1086	1016	1015	1071	961	1062	977	1039	1000	1000	968	954
852	906	797	992	891	859	938	820	953	867	727	695	766	836
1078	1078	1071	1148	1110	1101	1164	1086	1070	1094	1078	1047	1110	1093
1187	1227	1171	1165	1226	1195	1219	1195	1165	1210	1149	1219	1179	1188
1023	1110	1086	1054	1125	1078	1118	1117	1078	1133	1094	1109	1078	1055
750	758	773	750	735	726	727	711	703	679	680	688	726	758
1188	1211	1093	1164	1204	1070	1117	1125	1086	1031	1094	1117	1016	1054
812	844	836	812	852	828	851	883	860	765	985	914	867	898
984	969	945	1024	1078	1007	1086	1071	1093	1102	1070	1047	1024	1015
898	852	828	875	906	836	883	890	852	867	875	891	851	868
829	836	828	828	844	890	906	891	883	906	914	906	868	851
766	789	789	1500	719	734	782	804	797	766	789	828	836	820
961	1008	985	1000	1023	1000	969	1008	976	961	969	992	1016	976
789	781	758	781	821	851	852	843	868	851	828	844	844	836
657	664	679	688	711	695	703	711	680	711	711	695	680	687
711	718	688	687	680	680	672	656	679	672	688	648	680	680
797	773	672	672	703	969	875	836	820	781	805	804	719	719
946	953	1000	937	899	961	1008	921	946	968	930	953	969	984
821	820	851	852	813	765	789	813	867	930	921	852	836	797
1039	1000	1047	1000	938	953	968	961	969	977	890	821	804	789
672	719	789	820	781	782	757	758	742	719	696	687	719	758
891	914	844	898	820	875	844	860	890	836	844	867	906	860
821	773	766	750	734	773	1008	961	758	695	680	688	734	742
1047	1070	945	961	1016	922	890	985	937	868	1000	1039	961	937
579	593	586	594	594	586	593	586	586	586	578	586	571	570
851	946	883	867	898	922	938	875	820	820	828	836	844	781
1140	1180	1188	937	1039	1094	1133	1148	1039	1063	1062	1071	1070	1039
1079	1054	1024	1133	1140	1063	1164	1140	1071	1125	1015	1086	1102	1015
836	781	820	820	813	766	726	735	804	852	859	836	836	813
688	679	696	687	696	703	695	695	703	696	711	687	703	703
758	688	695	703	734	711	742	782	812	766	836	797	836	812
961	961	976	930	961	977	984	937	961	961	907	921	946	953
875	915	875	914	875	906	930	882	860	937	891	906	914	969
906	867	875	922	867	867	891	914	844	867	883	882	868	890
1156	1164	1180	1148	1086	1187	1079	1140	1141	1094	1109	1133	1070	1149
672	695	680	695	711	711	703	711	735	765	758	813	726	750
640	657	632	633	672	664	656	664	657	656	687	664	657	664
820	797	782	812	828	813	757	735	711	672	664	633	625	617
696	687	695	688	648	657	640	633	633	648	680	656	688	703
812	797	1564	828	984	1047	766	718	664	641	617	602	578	570
539	547	547	547	539	531	539	531	531	532	531	531	531	532
852	914	906	859	868	898	945	907	859	844	898	875	891	945
898	977	930	914	961	976	922	945	977	914	898	954	961	921
726	766	789	789	789	789	750	743	773	750	703	742	789	758
789	765	789	797	844	820	774	758	757	829	851	867	774	758
1125	1179	1149	1219	1093	1172	1203	1117	1165	1148	1125	1156	1156	1102
734	773	782	781	750	773	797	828	813	812	821	851	805	797
797	828	813	796	766	781	797	774	734	773	805	828	844	828
1219	1195	1188	1148	1118	1132	1094	1141	1164	1117	1086	1133	1179	1133
711	696	695	680	726	766	750	742	781	774	742	719	726	766
640	633	609	610	633	648	609	625	641	633	625	617	641	640
593	610	609	633	633	617	625	625	633	625	640	633	625	617
976	961	1047	1016	1031	1031	1016	1015	977	976	1008	1024	961	875
859	1180	969	851	860	890	883	836	828	852	1109	1039	891	1070
1023	875	953	969	906	907	992	992	937	954	968	1008	985	1054
976	868	1101	1086	1000	914	1125	1102	1031	1039	1008	922	1047	1101
1023	969	891	922	867	906	899	929	875	961	977	922	1007	914
898	797	836	859	875	836	805	859	954	953	867	851	915	945
1055	1007	1071	1047	1093	984	1063	1039	1047	1070	1000	1016	1000	1086
782	773	836	836	805	781	773	789	805	820	821	796	790	757
679	672	672	664	657	656	656	664	656	657	656	672	664	656
852	867	929	993	968	930	922	914	867	797	820	868	945	984
859	844	828	828	852	859	868	875	867	898	891	922	890	930
750	750	750	719	742	704	734	719	726	735	734	773	735	758
633	633	632	618	617	617	602	609	617	617	617	649	656	688
695	703	704	703	664	633	625	679	711	735	695	703	711	719
953	930	914	899	945	945	875	930	930	914	875	883	882	852
679	703	703	696	687	688	703	687	664	672	672	696	679	664
883	820	852	813	718	727	695	797	805	750	742	695	672	656
906	945	938	969	953	961	1007	954	1000	1023	992	953	992	1008
703	679	649	656	680	687	680	648	657	648	633	641	648	641
625	625	641	633	632	625	625	610	609	625	578	602	594	593
735	719	726	734	719	711	727	726	727	719	718	719	719	719
1054	985	1078	1023	1071	1000	992	1023	977	1031	1016	1008	1047	1055
1141	1125	1164	1141	1125	1109	1172	1195	1156	1118	1132	1118	1093	1086
1070	969	938	929	1055	1289	1281	1282	1296	1258	1219	1203	1195	1141
828	836	820	813	820	805	812	828	813	812	829	812	813	812
859	844	836	859	860	851	852	859	883	860	851	859	868	836
766	797	773	781	774	758	828	843	782	797	804	727	734	781
742	719	719	734	719	711	711	711	710	696	703	711	695	695
757	930	906	821	781	672	640	680	735	843	867	829	773	719
1125	1031	1047	1070	1039	1110	1070	914	930	1031	1094	1086	1093	1063
766	758	750	750	766	734	742	727	718	711	727	742	734	719
867	922	867	867	906	891	875	867	922	898	868	859	898	883
797	797	828	797	781	789	789	821	828	844	797	765	789	781
641	625	648	664	657	671	688	695	703	680	656	672	649	664
836	851	875	915	835	829	859	937	946	867	867	930	898	867
766	781	781	742	758	735	695	672	679	743	711	875	968	930
711	1078	883	1094	1047	937	1000	883	906	961	844	883	797	726
773	797	797	789	789	805	796	813	805	789	789	789	789	781
805	828	773	774	758	773	789	813	851	797	781	782	828	851
641	656	657	648	656	680	680	671	665	679	664	657	648	648
773	813	773	805	805	765	789	789	727	742	742	735	765	758
906	914	907	875	890	899	898	891	867	890	899	906	906	907
985	984	992	1016	953	1016	1047	1023	992	1047	1078	1031	1055	1078
1031	1078	1078	1102	1093	1016	1117	1086	1039	1133	1094	1094	1093	1047
804	813	828	820	797	820	821	812	797	789	797	805	812	797
633	664	640	680	719	672	672	656	672	664	664	680	695	640
875	859	883	883	828	859	860	836	851	867	844	867	891	859
953	1000	985	968	1078	1024	1008	984	1000	906	985	1023	1063	992
796	727	797	797	820	766	804	805	805	804	805	813	812	789
891	898	953	961	938	984	984	914	915	984	937	914	883	883
1015	977	976	1032	1062	1078	1063	1070	1117	1110	1132	1133	1172	1164
1008	992	1063	1148	1219	1180	1234	1188	1179	1156	1172	1180	1117	1125
640	664	672	703	696	703	703	719	734	734	735	703	687	688
813	789	1203	1117	1102	1148	1149	1132	1164	1133	1047	1016	1117	1078
821	812	797	789	813	820	851	844	883	898	1766	875	867	875
625	672	789	836	828	797	750	672	649	632	633	641	656	695
687	703	641	656	688	633	617	640	657	625	656	656	688	664
977	992	1828	938	984	953	906	985	968	899	898	953	891	852
867	789	844	836	836	851	821	875	836	836	851	867	852	851
1133	1031	1117	1133	1055	1086	1179	1149	1094	1016	1125	1054	1024	1148
844	805	773	789	813	851	860	828	789	789	820	813	851	789
782	765	797	805	781	766	796	821	804	774	812	821	773	750
945	805	992	1031	993	1007	1047	875	914	1008	969	883	953	945
649	648	610	578	593	586	579	593	578	571	601	563	570	578
757	758	766	789	742	742	789	774	758	773	805	875	875	875
930	968	961	922	930	945	961	906	946	953	922	898	961	961
938	922	922	906	891	890	922	969	969	953	976	969	961	945
735	750	758	750	742	758	742	805	695	765	735	726	743	757
757	735	711	695	672	656	656	641	641	648	664	680	687	688
1110	1062	906	1102	1125	1117	984	1141	1133	1055	1070	1156	1102	984
742	758	789	820	820	813	766	781	789	789	797	828	867	875
703	704	695	687	688	680	671	688	641	664	687	672	695	711
969	914	945	1000	945	953	1000	954	968	1000	977	953	984	1000
781	797	804	828	852	859	875	914	875	852	813	828	820	844
593	594	602	609	531	562	516	547	562	563	547	578	578	594
1047	1164	1226	1165	1039	1015	1039	992	969	1055	1101	1118	1062	1203
727	758	734	742	742	750	711	696	695	750	766	757	735	726
906	922	922	914	883	890	907	867	890	914	907	929	914	891
781	726	711	703	649	648	649	617	633	625	609	602	609	617
930	883	906	883	890	961	953	969	969	1016	968	969	969	914
1125	1172	1149	1086	1148	1125	1133	1109	1180	1133	1125	1203	1164	1172
539	531	523	532	515	524	515	524	523	516	515	516	508	515
1031	1063	1000	1093	1141	1039	1117	1164	1063	1125	1180	1085	1110	1187
820	789	821	742	742	742	719	742	703	813	750	765	789	805
1031	1031	1117	1125	1125	1180	1188	1140	1157	1195	1164	1141	1164	1156
1133	1117	1086	1070	1102	1125	1140	1172	1180	1211	1211	1187	1141	1133
1156	1243	1093	1243	1234	1047	1008	968	914	875	813	797	781	781
977	968	992	1000	922	993	1023	992	1000	961	1000	992	938	1015
743	750	773	781	789	789	758	735	750	757	766	734	735	789
836	836	859	860	859	828	821	828	851	852	836	836	789	742
929	906	852	867	844	828	828	789	789	782	734	719	726	703
1117	1141	1094	1156	1180	976	1203	1133	1031	1180	1180	1109	1016	1031
781	781	766	781	781	750	711	782	734	789	813	836	820	742
907	882	875	907	906	883	922	945	930	898	898	899	883	875
1039	1101	1086	1024	1070	1102	1023	1117	1094	1023	1071	1078	1101	1000
593	571	578	578	562	579	562	578	578	571	586	570	594	593
930	906	930	969	984	945	915	945	976	969	977	1000	992	961
1195	1141	1133	1172	1179	1172	1117	1172	1172	1188	1140	1172	1156	1180
734	852	766	718	852	812	719	797	867	774	757	727	695	711
1110	1187	1227	1203	1172	1195	1156	1094	1125	1117	1141	1125	1062	1047
898	953	953	875	828	860	914	922	961	898	828	821	859	906
1234	1266	1250	1265	1250	1211	1266	1250	1203	1172	1265	1250	1180	1164
937	977	930	906	922	890	883	899	945	891	882	946	890	907
766	726	704	703	726	680	680	711	664	703	742	867	891	898
813	836	844	836	859	828	789	774	796	766	758	773	805	766
1062	1086	1094	1054	1110	1070	1055	1078	992	1008	1023	985	1047	1062
797	789	812	828	805	836	859	797	813	851	860	843	852	836
461	453	461	461	453	453	453	461	445	438	429	438	422	429
664	672	656	640	610	617	586	594	609	594	648	703	789	813
898	922	1008	1078	1110	1132	1172	1125	1102	1125	1109	1086	1078	1125
1008	977	929	938	922	922	875	867	851	844	899	1015	1024	1109
976	977	961	953	953	992	1000	1000	946	929	930	961	984	977
1125	1125	1148	1211	1156	1094	1117	1133	1125	1078	1078	1086	1102	1062
625	609	610	593	602	594	601	586	594	594	586	578	578	562
984	977	976	985	976	946	968	969	961	977	1007	1000	977	992
773	766	766	765	742	750	750	766	773	797	805	781	797	789
1086	1132	1047	985	1054	1102	1109	1149	1117	1039	1125	1172	1031	1102
1063	1164	1172	1172	1132	1047	969	898	860	820	797	773	758	750
1157	1179	1149	1140	1172	1211	1149	1109	1149	1164	1109	1141	1148	1102
680	656	648	657	1452	758	774	804	797	828	844	820	852	859
922	914	898	930	945	914	899	914	898	891	906	899	890	891
649	656	656	727	765	774	859	844	820	805	805	726	719	711
711	735	719	695	656	625	625	656	610	664	625	656	672	680
1125	1148	1125	1125	1156	1141	1117	1133	1109	1110	1125	1117	1102	1125
1180	1140	1024	1179	1133	1055	1187	1172	1078	1164	1164	1118	1179	1125
890	953	938	906	945	969	914	922	977	953	906	977	992	937
875	1766	882	852	867	852	781	812	829	812	828	899	820	867
922	1132	1172	1110	1172	1203	1054	1141	1156	1055	1156	1180	1047	1133
1117	1047	1110	1125	1070	1008	1070	1109	1016	1055	1125	1062	1000	1117
743	757	758	727	726	711	727	719	726	727	687	695	657	1358
734	782	804	766	781	774	781	773	774	781	820	797	774	781
781	812	758	805	797	820	836	813	812	867	821	843	813	867
937	1016	1031	1047	961	883	968	953	1000	993	1031	930	1007	1016
906	899	906	914	906	891	922	930	945	922	914	914	914	930
1078	1032	1070	1078	1031	1039	977	984	1000	969	992	930	937	954
922	945	961	1984	992	938	992	1024	968	985	1054	1086	1055	1039
828	820	797	820	821	812	797	789	797	805	812	797	766	789
1086	1047	1094	1102	1046	1063	1062	1094	1055	1109	1125	1086	1063	1117
782	757	727	742	758	789	789	734	719	727	765	946	812	844
985	968	1000	985	976	985	953	953	977	914	945	898	891	867
1008	1094	1148	1156	1141	1180	1195	1187	1157	1171	1110	1140	1196	1187
852	765	852	859	789	914	875	805	844	804	860	844	757	782
718	719	719	750	734	703	696	703	695	688	679	680	695	696
1102	1109	1148	1157	1125	1132	1180	1102	1187	1141	1172	1148	1141	1109
844	851	860	859	852	812	821	812	797	773	782	812	836	820
656	719	742	719	719	765	750	726	696	687	766	773	766	750
570	570	563	562	430	672	289	266	547	570	523	594	547	570
555	547	539	547	531	547	539	547	546	532	546	532	539	539
711	711	711	734	797	758	789	789	812	797	758	766	789	781
696	710	735	765	774	742	781	789	789	750	735	742	719	687
1031	1086	1117	1063	1039	1101	1110	1008	1046	1047	1000	1063	1086	1070
805	797	804	774	828	812	805	844	883	851	867	907	851	875
641	1282	632	649	640	657	648	649	640	649	648	656	688	679
875	828	797	797	781	774	750	742	726	727	773	829	906	937
601	618	625	648	641	648	641	640	641	656	657	656	656	648
743	773	813	851	805	875	898	899	882	875	868	851	844	859
765	727	742	742	758	711	766	758	781	765	766	750	797	805
797	813	820	828	774	734	750	758	781	773	782	789	781	734
977	953	930	914	882	852	914	906	875	883	953	961	860	914
656	679	672	664	641	625	617	617	602	602	593	594	586	594
805	797	804	789	836	868	875	890	875	922	906	805	805	765
734	735	719	687	875	891	851	821	859	1000	984	1000	969	938
1164	1101	1227	1227	1210	1102	1172	1156	1141	1086	1156	1156	1180	1101
985	976	1000	1000	1008	992	1000	1000	953	961	977	976	969	992
820	828	782	820	890	868	843	829	867	828	898	883	828	914
875	891	883	890	867	938	976	915	976	1024	1000	1007	1086	1032
563	562	570	563	562	555	563	547	554	563	562	610	726	735
617	601	594	586	625	672	734	719	727	734	734	704	656	1289
602	609	602	609	594	594	601	594	625	672	688	671	696	711
898	945	930	930	953	1874	938	930	890	906	914	907	867	891
859	852	898	836	867	875	844	844	805	804	813	812	782	882
969	929	953	961	977	922	937	930	914	898	883	805	758	812
836	860	836	882	883	813	812	828	836	813	836	867	859	852
782	797	742	758	796	813	789	797	820	813	773	774	796	1532
625	695	586	648	672	656	672	703	711	1344	766	742	750	758
937	868	898	836	922	851	852	883	890	891	875	844	851	860
875	860	875	859	852	851	821	906	820	805	797	797	812	899
1078	1078	1024	1039	984	1024	1086	1078	1070	1125	1102	1086	1133	1101
789	781	805	836	836	843	813	781	781	774	742	750	750	781
750	711	672	664	672	664	688	726	758	766	734	773	766	766
891	844	851	836	860	882	860	851	852	859	821	882	875	821
922	937	922	828	813	820	852	883	789	765	789	805	797	773
531	539	539	531	531	547	547	531	540	547	539	539	540	507
1078	1063	1109	1031	969	992	945	961	883	922	883	961	969	1007
1086	1102	1078	1109	1172	1203	1164	1172	1180	1195	1125	1203	1195	1125
1140	1070	1086	1024	1031	1054	985	1023	961	906	961	852	937	836
1039	1118	1070	1086	1078	1063	1078	1039	1078	1047	1086	1023	1078	1102
625	648	602	648	578	641	617	562	602	602	593	594	586	586
922	1039	993	929	992	1047	922	875	1008	1055	945	836	898	1047
820	852	867	852	906	875	875	852	835	829	796	883	742	813
773	774	804	805	758	773	797	844	805	820	836	844	804	836
1086	1093	1079	1039	1070	1078	1063	1070	1101	1102	1047	1117	1102	1109
890	875	914	922	867	891	930	890	852	875	883	843	852	859
1140	1086	1094	1117	1102	1109	1141	1093	1133	1164	1094	1031	1071	1047
860	930	898	859	907	945	851	938	906	891	906	953	922	891
898	898	969	1008	1180	1164	1148	1156	1165	1148	1195	1180	1203	1250
641	641	648	633	633	640	625	625	625	633	633	609	602	617
742	750	735	765	735	765	774	765	735	765	750	750	735	711
648	633	625	609	610	593	602	648	649	656	656	688	711	695
734	734	1188	1086	929	1000	1000	829	976	922	1070	914	1047	977
1015	1016	1023	969	961	945	922	977	1031	1023	1071	1031	961	945
828	828	813	851	860	882	821	820	828	797	797	789	828	813
546	539	540	546	539	539	547	547	554	555	547	547	555	546
1000	984	954	1007	1008	992	946	1000	984	938	976	992	938	984
726	711	758	695	743	734	773	774	773	797	813	820	820	813
1243	1218	1188	1234	1211	1196	1210	1172	1149	1211	1273	1235	1273	1281
804	813	843	993	1093	860	851	875	868	843	867	1000	1102	891
984	985	976	993	937	977	992	953	953	953	922	946	960	946
696	687	711	672	695	688	695	695	657	742	664	703	680	726
1023	961	922	859	789	782	789	812	875	883	875	859	774	773
766	742	734	735	726	727	726	743	757	766	750	774	757	766
1086	1024	984	945	1071	1211	1211	1179	1157	1179	1110	1172	1148	1070
820	844	899	851	860	859	891	898	930	937	946	984	1008	1000
586	602	609	594	625	554	633	594	601	594	586	602	586	593
742	695	680	648	641	680	664	625	609	656	961	782	812	906
1234	1196	1226	1266	1109	1188	1140	1047	1110	1078	1015	1063	1102	1093
969	946	976	992	977	914	953	977	921	954	968	922	977	1008
899	906	875	937	953	930	930	969	937	945	969	977	922	953
797	773	766	758	695	758	719	742	703	695	704	695	719	711
812	813	820	821	796	797	805	789	773	790	804	789	774	773
1226	1157	1187	1235	1148	1164	1203	1156	1204	1156	1172	1250	1203	1195
875	875	836	875	860	812	821	843	836	805	812	836	789	829
930	929	883	906	891	922	891	921	954	898	914	961	914	938
899	906	938	953	890	969	906	922	875	914	922	883	922	930
852	859	813	836	828	820	813	804	774	812	828	813	844	859
734	758	742	789	774	781	820	844	820	844	852	851	805	820
1023	938	1078	906	945	1125	1040	906	1054	907	875	1101	836	750
789	781	821	867	875	844	859	898	852	836	828	813	734	766
1008	1055	1047	1047	984	1039	1024	1093	1032	1039	1078	984	1070	1016
594	625	617	633	617	625	617	633	586	609	633	602	617	625
773	766	765	766	758	758	750	757	743	742	742	758	734	727
977	914	953	969	969	914	945	914	859	914	914	860	890	883
1086	1086	1055	992	961	937	899	898	969	984	1078	1094	1055	1047
1000	961	945	937	969	969	1016	992	976	969	969	976	922	867
750	1532	757	891	859	805	742	766	734	766	766	726	664	703
696	711	718	719	774	906	929	829	898	898	790	804	899	890
797	789	742	743	750	836	859	820	758	750	750	789	828	821
954	992	984	914	930	937	828	790	835	875	875	930	961	992
664	672	703	875	898	906	915	843	867	1055	1039	1000	844	1148
914	906	891	914	945	922	922	891	921	930	930	922	906	930
1062	1047	1047	1078	1078	1031	1040	1054	1024	1007	1047	1063	1000	1047
703	735	718	703	704	718	735	726	703	711	727	758	734	727
719	750	742	711	703	742	766	757	743	718	727	742	734	750
679	704	695	680	718	758	727	703	750	734	719	750	766	695
656	633	625	640	594	617	625	625	618	632	664	618	632	641
649	632	633	641	625	687	672	703	672	664	695	680	718	680
648	719	664	726	688	656	688	679	711	672	680	648	664	657
804	844	852	867	843	829	843	875	875	836	821	843	852	851
976	992	977	961	1008	1007	1008	1047	1024	1062	1047	1078	1070	1071
704	695	726	711	696	679	711	711	742	719	695	672	664	641
1156	1141	1078	1023	1032	1039	922	976	1055	1086	1133	1007	1133	1156
1063	1031	992	945	1024	968	977	1047	969	898	899	781	781	766
704	718	688	742	727	711	750	765	735	765	688	726	711	695
750	742	750	750	766	742	742	735	726	750	735	726	688	695
789	782	742	781	844	820	774	804	805	789	750	773	813	805
766	789	789	789	789	758	750	766	796	797	805	781	735	750
875	844	859	867	860	859	875	891	914	898	914	914	899	867
961	937	961	961	977	976	1008	1047	1031	1047	1063	945	992	1039
1149	1140	1055	1149	1187	1086	1156	1149	1062	1117	1164	1094	922	1039
641	539	547	563	585	571	515	563	562	563	570	524	562	578
688	719	742	750	742	758	765	743	742	719	750	750	757	789
648	664	672	711	664	695	719	727	734	719	656	688	664	664
1070	1055	1078	1031	860	883	1000	1054	1094	1156	1093	1071	1039	1062
851	860	898	836	860	859	828	852	843	828	813	844	836	820
641	687	719	765	735	742	750	766	765	774	765	727	695	664
1125	1140	1149	1164	1180	1187	1172	1180	1211	1195	1195	1156	2314	1125
1188	1172	1219	1210	1196	1203	1117	1109	1172	1157	1171	1235	1172	1164
813	906	789	781	813	828	828	828	797	727	719	703	750	812
742	719	703	695	680	672	680	703	703	703	719	726	758	750
976	1000	1016	2032	984	1023	969	945	946	953	953	898	938	914
601	578	594	578	586	578	579	578	570	578	578	571	570	570
688	718	703	719	719	726	743	734	711	695	711	680	695	711
930	906	953	922	891	937	930	953	906	883	922	922	890	954
1141	1078	1047	1070	1133	1187	1164	1118	1140	1125	1094	1094	1109	1149
921	914	915	953	945	977	929	953	985	929	930	938	921	938
743	711	734	711	726	727	727	757	727	766	726	750	750	1470
961	1007	938	1000	953	977	976	1039	953	1032	953	945	945	922
1016	1031	1008	1039	1054	1047	1118	1132	1055	1094	945	1016	1078	1109
766	773	789	773	774	781	781	774	758	781	773	758	789	797
789	805	766	773	797	765	774	789	797	859	836	813	812	820
757	750	711	688	672	656	656	641	609	617	602	609	594	594
898	875	883	938	883	914	929	875	938	953	859	977	953	914
726	727	695	703	704	687	688	664	679	688	695	735	773	797
758	773	750	734	758	758	750	734	735	765	797	797	789	750
930	945	946	984	1000	992	984	915	937	898	930	914	1024	976
797	875	891	867	852	859	922	937	891	836	836	883	883	890
469	461	476	485	484	476	485	492	516	500	500	500	500	492
890	906	907	867	851	868	890	899	890	844	859	891	898	922
1133	1125	1086	1117	1125	1133	1078	1055	1094	1101	1102	1047	1062	1102
610	594	578	578	562	563	562	555	539	539	555	500	531	523
1094	1070	1133	1062	1110	1140	1094	1141	1132	1180	1172	1141	1093	1039
1000	1016	1086	1047	1094	1046	1024	1023	992	985	976	985	1000	1031
1164	1055	1117	1117	1102	1086	1109	1086	1062	1094	1063	1093	1086	1071
843	875	828	875	860	828	852	859	883	828	859	899	843	852
703	718	704	718	719	703	719	711	687	711	719	734	735	742
797	782	781	812	844	844	851	860	859	852	812	821	812	797
633	703	672	719	679	672	672	672	664	633	703	734	719	680
672	633	648	672	633	633	656	664	695	688	703	703	664	680
734	781	836	789	735	664	648	672	726	836	829	695	719	789
789	821	851	891	898	821	812	813	820	805	812	867	946	984
1023	1016	945	938	859	844	852	859	859	875	875	836	828	829
821	820	805	851	867	868	836	828	875	890	883	836	859	883
703	742	703	727	742	711	696	703	687	695	688	711	687	680
1070	1039	1055	1078	1023	1047	1039	1071	1000	1093	1055	1008	1086	1023
1164	1172	1172	1132	1047	969	898	860	820	797	773	758	750	805
1008	1055	1023	1016	1070	1047	1024	1054	993	1015	1000	1031	993	976
594	594	593	766	586	585	579	586	585	602	617	602	617	633
938	968	1008	969	977	945	976	977	961	922	961	937	969	969
1032	1031	1062	1016	1000	1039	1039	1008	1015	1102	1078	1039	1047	1039
781	766	734	719	742	758	773	781	758	742	743	757	766	758
922	891	875	882	915	875	875	906	859	891	875	922	922	882
719	679	664	665	671	625	633	649	617	656	664	656	672	711
727	726	742	719	727	734	735	718	727	726	743	726	719	719
859	867	906	915	906	945	961	930	968	1040	984	1023	961	977
711	602	657	695	641	641	656	640	641	641	656	648	641	625
1180	1164	1102	1117	1141	1164	1101	1102	1109	1141	1125	1070	1125	1133
1125	1164	1148	1149	1164	1125	1109	1141	1140	1125	1102	1117	1203	1196
758	750	750	750	750	727	773	719	758	796	727	797	797	820
961	836	1024	1054	969	953	1118	1023	906	946	1031	969	843	985
1015	1078	1110	1109	1055	1117	1094	1039	1054	1133	1149	1093	1118	1101
1023	1040	1023	1047	1062	1039	1016	953	953	961	1000	1008	992	992
1016	953	1000	1024	961	976	961	992	992	993	1007	1024	1000	1031
938	984	891	898	867	930	914	937	907	968	907	929	938	890
1125	1125	1102	1101	1125	1024	898	938	953	992	1023	1157	1179	1157
703	664	680	742	774	757	758	727	711	726	703	766	766	734
914	914	883	922	937	946	906	906	922	930	898	899	921	915
859	836	844	820	828	828	789	797	750	750	696	710	750	719
812	828	797	828	844	844	797	812	821	828	836	914	968	1032
734	695	696	687	695	672	664	649	648	641	641	617	625	625
946	882	883	906	868	906	914	914	883	914	906	875	914	891
1289	1273	1196	1133	1187	1180	1156	1047	953	844	797	789	781	766
633	625	633	632	633	625	633	617	633	617	664	625	633	633
938	891	929	914	938	945	945	930	914	938	914	890	914	938
562	571	554	563	539	570	555	555	570	531	531	547	547	539
797	805	812	789	789	805	797	805	758	750	742	726	719	703
664	649	648	641	679	688	664	641	648	648	672	672	688	679
851	852	789	726	821	906	742	742	696	672	882	969	820	860
1250	1211	1180	1195	1195	1219	1203	1172	1125	1156	1180	1195	1149	1070
1157	1156	1125	1117	1164	1086	1086	1094	1094	1093	1157	1187	1156	1172
1086	1109	1040	1085	1125	1149	1086	1140	1172	1078	1172	1180	1117	1297
625	640	641	688	703	734	688	711	695	695	664	664	672	656
679	680	680	687	672	687	680	680	656	664	1312	641	633	633
649	695	672	695	703	696	632	664	719	649	726	688	703	680
672	688	687	695	672	680	680	656	664	656	664	680	688	656
875	851	852	875	851	852	859	906	875	891	898	930	969	1094
906	929	954	937	922	930	937	922	914	883	906	922	914	899
554	555	547	570	571	562	547	562	579	593	586	578	571	601
719	695	711	719	703	750	703	696	734	649	671	672	649	672
844	781	774	812	789	758	797	836	797	757	797	805	773	750
1062	1063	1039	1094	1039	1047	1007	922	938	890	914	836	758	789
523	516	523	508	508	515	500	508	500	500	500	500	492	500
1938	890	899	968	1008	1094	1109	1086	1055	1000	953	922	891	906
766	765	821	812	875	774	804	797	782	789	742	734	727	711
898	875	813	945	922	875	937	969	937	985	945	961	953	899
969	1063	1078	1008	1085	1063	1125	1148	1024	1062	1000	1032	1078	1062
1071	1039	1015	1024	992	1015	1040	1000	976	1031	1016	1055	1047	1007
946	945	922	961	961	945	930	937	930	891	898	922	922	922
601	602	594	586	585	571	578	586	555	585	586	594	594	594
1141	1054	1086	1094	1078	992	1102	1047	1008	851	781	758	703	774
976	954	906	953	976	922	953	1000	930	906	977	969	984	914
703	711	719	718	727	719	711	703	695	711	711	711	695	719
961	953	938	1024	1046	1016	1000	1000	977	984	1000	1008	1015	1047
742	719	703	711	711	703	711	680	687	672	688	711	726	742
805	812	782	773	773	750	750	750	750	719	742	704	734	719
1094	1117	1172	1141	1078	1180	1195	1141	1132	1110	1101	1118	1078	1047
968	954	968	961	930	906	914	875	938	953	906	945	977	1039
828	820	789	766	797	828	797	805	828	851	836	813	820	820
578	586	579	570	586	570	578	571	578	570	570	571	578	601
820	781	813	812	797	828	805	820	821	781	812	805	781	805
882	844	844	867	898	915	898	898	891	875	867	883	906	938
821	843	1594	813	820	828	758	797	734	750	781	743	757	782
586	601	578	555	578	578	563	594	562	578	578	571	601	555
859	914	852	859	828	789	782	820	765	782	789	765	789	782
531	539	523	547	555	547	562	563	562	563	547	554	540	562
601	594	594	586	601	570	625	547	641	570	586	586	578	594
625	625	570	625	641	640	696	672	742	804	766	734	672	688
1187	1117	1024	1008	1054	1078	1078	1055	1078	1110	1093	1055	992	1024
953	969	984	1008	1016	961	929	938	945	961	914	930	930	937
1102	1047	1132	1118	1086	1046	1157	1195	1094	1133	1195	1211	1070	1149
821	921	813	766	796	758	860	898	813	851	789	797	922	805
1125	1188	1148	1102	1156	1149	1148	1203	1149	1171	1032	914	890	813
875	844	1086	2094	937	875	1078	1110	992	875	1094	1085	954	882
562	555	586	539	578	531	555	555	562	555	586	547	570	601
914	883	890	875	883	906	860	890	899	922	906	914	969	929
703	727	742	758	766	734	727	734	750	758	765	743	718	758
742	672	640	641	617	672	711	688	664	609	633	640	625	625
649	640	641	656	680	687	680	695	696	695	656	680	680	679
921	930	930	914	883	859	867	867	875	875	891	906	938	906
899	836	844	875	851	797	883	875	828	867	899	843	860	883
1000	969	1039	946	851	883	836	914	984	891	812	735	719	679
547	563	539	547	546	579	546	524	547	570	531	571	531	555
1211	1180	1172	1195	1133	1179	1141	1109	1141	1086	1094	1133	1101	1149
742	672	609	602	586	578	586	594	617	609	610	617	609	602
743	695	648	664	672	750	735	679	750	891	867	758	742	742
899	922	820	922	828	883	953	844	945	867	782	914	906	922
820	813	766	804	844	797	797	844	835	797	774	812	836	821
726	711	735	718	688	695	719	734	750	735	734	734	696	734
914	899	969	984	969	992	992	938	961	1000	1000	1015	1024	984
844	867	883	844	851	883	852	859	891	867	859	875	828	852
859	828	828	727	742	735	765	719	734	735	726	766	789	797
782	765	766	758	726	727	734	735	695	648	664	688	726	758
633	632	633	625	641	648	664	641	641	632	649	648	649	640
789	789	805	812	821	820	789	781	821	789	804	813	812	828
1187	1196	1226	1219	1172	1125	1156	1156	1149	1133	1187	1156	1133	1110
977	1000	976	946	922	906	914	937	954	960	985	984	953	938
625	656	649	640	657	632	657	632	610	625	625	664	609	617
719	727	726	734	727	719	695	1390	719	727	765	743	726	711
727	726	750	750	766	781	797	758	750	757	782	773	774	742
789	804	813	828	828	836	852	812	813	765	797	844	828	750
774	765	711	703	711	703	743	710	758	789	750	750	774	719
930	961	976	969	969	984	907	906	953	937	922	899	851	985
570	594	586	602	585	594	594	594	601	578	594	610	570	586
1078	1000	984	1031	946	1047	1007	1032	1015	1016	1086	1055	984	1101
516	515	524	523	516	515	508	516	523	508	523	516	524	523
867	883	930	906	867	938	883	867	922	922	859	883	875	844
602	578	586	586	593	610	586	594	601	594	586	586	586	586
937	1023	1000	1024	922	929	907	867	859	828	829	828	859	805
954	953	976	977	945	984	1000	993	961	968	985	953	961	961
914	914	907	914	890	883	844	766	734	750	820	891	930	945
969	945	961	890	875	922	852	961	1031	953	977	898	969	977
757	719	688	672	711	765	820	852	805	765	743	734	719	726
688	672	703	687	711	711	711	719	703	687	688	695	672	688
711	727	727	632	649	679	766	742	742	797	805	867	766	773
617	594	601	586	602	601	563	578	594	617	656	734	735	789
593	602	625	640	657	640	625	610	593	586	579	562	555	554
914	961	984	977	937	961	992	985	937	961	953	914	930	938
938	1039	1008	1007	1055	1086	1055	1039	1101	993	1086	1023	1055	1086
695	703	688	679	672	695	688	695	688	687	711	703	688	703
993	1031	937	844	930	969	883	906	953	930	937	961	906	954
844	797	797	828	844	812	782	820	828	781	750	781	790	773
993	1007	1016	984	930	891	882	883	844	852	906	976	914	961
1047	1101	1141	1016	1140	1110	1023	1133	1133	1062	1094	1070	1117	1024
750	789	711	719	750	781	719	727	711	734	688	664	648	656
852	828	922	945	836	1226	1180	1274	1187	1094	1156	1180	1109	867
719	695	672	641	633	593	586	586	578	579	578	601	594	609
1094	1117	1149	1086	1164	1093	1125	1094	1070	1180	1156	1164	1180	1148
1039	1117	1008	1102	1039	1047	1109	1016	1086	1039	1031	1102	992	1078
789	765	766	766	757	766	742	758	781	758	758	742	735	757
571	601	570	610	562	555	578	563	570	570	586	617	579	593
1110	1156	1133	1156	1117	1086	2204	1062	1024	1054	1047	1031	1063	1031
985	953	984	1086	1156	1149	1062	1047	1031	1047	985	976	961	930
711	711	711	711	726	727	750	773	797	766	789	812	750	750
938	906	961	976	953	977	945	938	930	937	938	953	976	899
547	547	555	555	554	547	547	531	524	531	492	508	500	516
906	945	922	906	891	922	875	929	899	914	953	914	906	891
632	649	679	696	672	640	625	633	649	703	718	680	719	828
1164	1117	1157	1132	1165	1094	1148	1102	1070	1109	1086	1133	1109	1094
937	883	891	890	907	859	867	875	867	883	922	961	922	945
906	914	821	804	782	773	774	757	766	758	765	750	727	719
805	781	789	797	797	781	727	742	727	718	735	719	750	789
773	750	766	773	790	789	765	750	735	750	773	789	789	758
750	805	773	781	758	703	688	687	641	633	648	649	625	656
757	719	766	820	774	757	750	680	680	703	687	664	743	859
719	640	641	664	664	688	671	704	726	711	664	750	656	696
1132	1063	1140	1188	1094	1023	1117	1102	1000	1101	1141	1102	1054	1180
718	766	797	844	875	875	843	813	812	797	758	750	758	789
1023	1016	1031	1000	1039	1008	1047	1047	984	1086	1023	1055	977	1054
914	922	906	914	898	922	930	945	969	961	953	953	953	930
789	766	789	797	805	781	789	789	781	758	774	773	789	758
851	820	821	781	758	773	828	1414	1094	1086	1219	1266	1125	1203
953	969	930	961	937	883	875	867	844	820	821	804	821	859
1070	1102	1070	1086	1109	1055	1047	1125	1117	1047	1070	1063	976	875
1094	1047	1000	977	945	883	883	890	938	929	930	969	1015	1032
914	915	929	867	891	922	898	914	914	915	929	922	922	922
1078	992	1047	1078	953	1079	1070	969	843	1047	1024	937	977	1070
695	704	695	703	695	703	696	695	695	696	695	695	711	711
930	906	844	851	797	867	922	797	844	875	750	742	742	773
1109	1164	1180	1188	1125	1070	1094	1101	953	907	968	1008	930	859
1922	1101	1024	969	1023	1070	969	992	1125	1110	984	1039	1055	945
1133	1008	1008	1047	1117	1187	1250	1282	1234	1234	1110	1023	1000	1102
945	953	961	953	922	953	891	953	961	938	992	992	969	1008
773	758	765	782	797	820	812	789	797	805	773	758	781	829
648	664	657	656	680	687	672	648	664	680	680	656	664	680
860	922	968	961	922	875	774	672	679	742	1016	898	727	664
1070	1070	1164	1055	1125	1086	1094	1101	1110	1054	1094	1078	1164	1079
945	938	922	937	875	930	883	882	915	882	938	930	914	968
1117	1063	1031	1008	1000	937	883	899	976	1195	1063	1148	1071	1125
711	773	789	836	1289	1188	1336	1211	1211	1257	1149	1101	1141	1125
898	891	812	844	844	836	851	782	812	797	750	781	781	813
844	812	821	828	812	797	821	851	860	875	867	859	852	812
828	836	852	859	789	805	750	766	734	750	766	836	836	937
1180	1148	1070	1133	1024	1062	1102	1086	1109	1156	1219	1203	1211	1250
906	907	851	844	867	867	805	844	890	836	813	828	828	781
672	687	657	656	656	672	672	672	664	687	680	672	695	703
906	906	938	937	1086	1055	1039	1055	1070	1055	1047	1109	1070	1079
1031	1101	961	1164	1133	946	1007	1172	985	1047	1054	961	1180	1140
703	703	703	688	672	679	664	649	633	632	594	617	625	657
664	649	640	618	648	625	664	594	640	625	672	657	703	687
930	859	1078	1008	844	1055	1023	867	1133	1086	930	1109	1063	906
1141	1188	1171	1133	1149	1164	1156	1187	1149	1117	1086	992	1008	1031
750	774	789	742	726	743	757	774	734	735	726	742	766	781
1532	765	758	750	758	750	750	734	758	750	750	805	789	734
1172	1140	1117	1157	1070	1047	1109	1117	1102	1039	1070	1133	1125	1102
1055	1031	1047	1047	1054	1024	1054	1047	1024	1062	1032	1085	1032	1039
1203	1219	1250	1242	1227	1218	1165	1132	1125	1133	1125	1110	1117	1148
1031	946	1015	1016	977	1015	961	1039	1008	969	1031	1055	984	1008
664	672	680	680	687	656	664	688	711	672	703	726	703	704
867	852	797	804	813	820	828	821	797	804	805	836	883	890
656	672	657	656	664	664	672	664	680	710	704	703	711	679
695	695	672	672	687	688	695	688	695	711	711	711	695	688
890	829	742	711	711	750	851	867	797	781	829	882	907	867
1227	1250	1258	1203	1203	1211	1148	1141	1156	1047	1031	1016	961	1016
891	898	906	930	961	969	976	1047	1094	1070	985	1046	1039	930
727	726	735	789	922	796	774	726	735	742	758	726	719	695
945	883	1008	1047	953	969	1031	1015	1063	1031	1031	1079	1109	1156
735	742	734	719	726	735	742	734	743	734	742	719	734	735
774	773	774	797	789	781	781	781	797	766	766	750	765	766
820	836	812	797	813	797	789	804	813	797	812	821	812	805
828	829	843	875	844	883	836	922	898	883	945	985	976	977
781	797	781	805	758	758	757	750	743	750	742	742	734	750
1078	985	851	844	1078	930	914	1117	1047	930	1007	1094	1031	868
875	844	844	898	953	969	1016	1008	976	922	898	883	875	883
750	758	734	774	804	829	796	821	836	781	797	742	766	789
680	656	688	711	742	726	735	781	789	781	789	797	781	774
735	750	781	844	883	843	868	859	859	852	844	828	836	843
649	648	680	672	648	618	640	633	633	640	633	641	672	711
703	703	719	711	711	695	695	672	664	664	688	687	688	695
570	578	586	625	625	617	641	703	656	641	703	649	609	648
805	789	742	734	719	758	797	781	805	828	828	820	836	828
758	875	984	977	930	890	868	867	867	859	828	868	898	844
672	640	664	657	656	664	648	657	679	680	711	664	672	656
1211	1257	1258	1157	1023	937	954	1000	1148	1102	1140	1156	1125	1133
688	656	648	664	672	641	672	656	711	797	883	922	945	969
820	844	836	820	797	789	750	734	727	781	844	852	812	828
656	648	664	657	625	656	625	640	641	633	633	640	641	641
1141	1109	1125	1133	1117	1102	1117	1109	1094	1063	1093	1141	1117	1164
1039	1047	1023	1063	1015	1071	1047	1039	1086	1039	1062	1063	1031	1086
781	727	711	695	680	664	648	649	703	758	758	789	804	813
953	906	985	984	906	961	891	968	985	969	921	954	984	922
609	617	617	618	617	640	641	617	625	641	617	617	625	610
750	734	719	719	750	750	758	750	711	718	735	726	750	719
953	914	992	953	938	922	922	945	953	992	961	969	976	985
1101	1141	1180	1195	1180	1140	1149	1133	1140	1117	1110	1148	1157	1156
719	703	703	672	664	695	719	781	758	773	711	758	805	781
719	750	765	766	781	813	828	851	860	843	844	859	868	843
820	867	899	875	867	844	820	750	734	742	766	773	727	727
828	797	812	797	797	781	774	836	929	930	859	805	844	914
1102	1016	1117	1172	1140	1078	922	922	922	930	890	914	1047	1094
859	852	859	789	821	781	1500	734	766	703	719	742	789	789
727	727	726	703	719	719	718	719	735	757	782	773	781	758
